# euroc yaml file

cam0:
  T_cam_imu:
    [1, 0, 0, -0.00552,
     0, 1, 0, 0.0051,
     0, 0, 1, 0.01174,
     0, 0, 0, 1]
  camera_model: pinhole
  distortion_coeffs: [0.0, 0.0, 0.0, 0.0]
  distortion_model: radtan
  intrinsics: [383.692, 383.692, 316.978, 239.796]
  resolution: [640, 480]
  timeshift_cam_imu: 0.0

cam1:
  T_cam_imu:
    [1, 0, 0, 0.0446571,
     0, 1, 0, 0.0051,
     0, 0, 1, 0.01174,
     0, 0, 0, 1]
  T_cn_cnm1:
    [0.999997256477881, 0.002312067192424, 0.000376008102415, -0.110073808127187,
     -0.002317135723281, 0.999898048506644, 0.014089835846648, 0.000399121547014,
     -0.000343393120525, -0.014090668452714, 0.999900662637729, -0.000853702503357,
     0, 0, 0, 1.000000000000000]
  camera_model: pinhole
  distortion_coeffs: [0.0, 0.0, 0.0, 0.0]
  distortion_model: radtan
  intrinsics: [383.692, 383.692, 316.978, 239.796]
  resolution: [640, 480]
  timeshift_cam_imu: 0.0

